9
 96 -36 -36 -160 -36 -36 142 -160 250
 -36 96 296 -160 -36 -36 4 -160 -40
 -36 296 96 -160 -36 -36 4 -160 -40
 -160 -160 -160 344 62 60 -75 296 -85
 -36 -36 -36 62 96 -36 4 82 -40
 -36 -36 -36 60 -36 96 4 84 4
 142 4 4 -75 4 4 16 -79 -12
 -160 -160 -160 296 82 84 -79 344 -45
 250 -40 -40 -85 -40 4 -12 -45 104
