10 10
 -18 18 9 -90 -33 -51 -3 9 8 165
 18 -26 -11 92 39 63 3 -11 -15 -201
 9 -11 -10 47 38 53 4 -11 -6 -175
 -90 92 47 -452 -174 -266 -16 47 36 861
 -33 39 38 -174 -150 -203 -16 42 6 671
 -51 63 53 -266 -203 -284 -21 58 27 935
 -3 3 4 -16 -16 -21 -2 4 -1 70
 9 -11 -11 47 42 58 4 -14 -6 -192
 8 -15 -6 36 6 27 -1 -6 -50 -87
 165 -201 -175 861 671 935 70 -192 -87 -3082
